place(3.038, 1.000, -29.747, "Cowboy", 714)
upgrade(3.038, 2.350, -29.747, 219)
upgrade(3.038, 2.350, -29.747, 832)
place(-2.634, 1.000, -29.377, "Cowboy", 1209)
upgrade(-2.634, 2.350, -29.377, 715)
upgrade(-2.634, 2.350, -29.377, 575)
place(-2.872, 1.000, -32.521, "Cowboy", 1072)
upgrade(-2.872, 2.350, -32.521, 587)
upgrade(-2.872, 2.350, -32.521, 617)
upgrade(-2.634, 2.350, -29.377, 1580)
upgrade(3.038, 2.350, -29.747, 1678)
upgrade(-2.872, 2.350, -32.521, 1793)
place(2.605, 1.000, -32.963, "Cowboy", 926)
upgrade(2.605, 2.350, -32.963, 476)
upgrade(2.605, 2.350, -32.963, 1949)
upgrade(2.605, 2.350, -32.963, 1578)
place(2.813, 1.000, -26.749, "Cowboy", 278)
place(2.749, 1.000, -26.696, "Cowboy", 2246)
upgrade(2.749, 2.350, -26.696, 2418)
upgrade(2.749, 2.350, -26.696, 2268)
upgrade(2.749, 2.350, -26.696, 1718)
place(-2.779, 1.000, -26.306, "Cowboy", 697)
upgrade(-2.779, 2.350, -26.306, 617)
upgrade(-2.779, 2.350, -26.306, 772)
upgrade(-2.779, 2.350, -26.306, 2369)
upgrade(3.038, 2.350, -29.747, 4213)
upgrade(-2.779, 2.350, -26.306, 4939)
upgrade(2.749, 2.350, -26.696, 3257)
upgrade(-2.634, 2.350, -29.377, 4761)
upgrade(2.605, 2.350, -32.963, 4651)
upgrade(-2.872, 2.350, -32.521, 3845)
place(-2.543, 1.000, -23.284, "Cowboy", 2263)
upgrade(-2.543, 2.350, -23.284, 4444)
upgrade(-2.543, 2.350, -23.284, 4294)
upgrade(-2.543, 2.350, -23.284, 3744)
upgrade(-2.543, 2.350, -23.284, 3008)
place(2.733, 1.000, -23.583, "Cowboy", 488)
place(2.814, 1.000, -23.560, "Cowboy", 518)
upgrade(2.814, 2.350, -23.560, 718)
upgrade(2.814, 2.350, -23.560, 1028)
upgrade(2.814, 2.350, -23.560, 2128)
upgrade(2.814, 2.350, -23.560, 5119)
place(-5.368, 1.000, -24.420, "Cowboy", 2192)
upgrade(-5.368, 2.350, -24.420, 2322)
upgrade(-5.368, 2.350, -24.420, 2420)
upgrade(-5.368, 2.350, -24.420, 2122)
upgrade(-5.368, 2.350, -24.420, 5856)
place(-5.621, 1.000, -27.418, "Cowboy", 3376)
upgrade(-5.621, 2.350, -27.418, 4999)
upgrade(-5.621, 2.350, -27.418, 4909)
upgrade(-5.621, 2.350, -27.418, 4419)
upgrade(-5.621, 2.350, -27.418, 3838)
place(-5.671, 1.000, -30.424, "Cowboy", 3725)
upgrade(-5.368, 2.350, -24.420, 9952)
upgrade(-5.621, 2.350, -27.418, 9021)
upgrade(-2.543, 2.350, -23.284, 6721)
upgrade(-2.779, 2.350, -26.306, 8981)
upgrade(-2.634, 2.350, -29.377, 2109)
upgrade(-2.872, 2.350, -32.521, 5481)
upgrade(2.814, 2.350, -23.560, 8198)
upgrade(2.749, 2.350, -26.696, 8942)
upgrade(3.038, 2.350, -29.747, 12845)
upgrade(2.605, 2.350, -32.963, 10205)
place(-2.582, 1.000, -20.114, "Cowboy", 29225)
upgrade(-2.582, 2.350, -20.114, 37827)
upgrade(-2.582, 2.350, -20.114, 38139)
upgrade(-2.582, 2.350, -20.114, 39454)
upgrade(-2.582, 2.350, -20.114, 34985)
upgrade(-2.582, 2.350, -20.114, 30140)
place(-3.063, 1.000, -7.543, "Cowboy", 53557)
upgrade(-3.063, 2.350, -7.543, 56557)
upgrade(-3.063, 2.350, -7.543, 56607)
upgrade(-3.063, 2.350, -7.543, 56257)
upgrade(-3.063, 2.350, -7.543, 55407)
upgrade(-3.063, 2.350, -7.543, 53007)
place(-3.266, 1.000, -3.274, "Cowboy", 50657)
upgrade(-3.266, 2.350, -3.274, 50757)
upgrade(-3.266, 2.350, -3.274, 50607)
upgrade(-3.266, 2.350, -3.274, 50080)
upgrade(-3.266, 2.350, -3.274, 48557)
upgrade(-3.266, 2.350, -3.274, 45557)
place(5.445, 1.000, 11.495, "Cowboy", 68627)
upgrade(5.445, 2.350, 11.495, 68327)
upgrade(5.445, 2.350, 11.495, 68177)
upgrade(5.445, 2.350, 11.495, 67667)
upgrade(5.445, 2.350, 11.495, 66127)
upgrade(5.445, 2.350, 11.495, 63128)
place(8.717, 1.000, 11.216, "Cowboy", 57877)
upgrade(8.717, 2.350, 11.216, 57577)
upgrade(8.717, 2.350, 11.216, 57427)
upgrade(8.717, 2.350, 11.216, 56877)
upgrade(8.717, 2.350, 11.216, 55377)
upgrade(8.717, 2.350, 11.216, 52377)
place(6.924, 1.000, 8.680, "Cowboy", 47527)
upgrade(6.924, 2.350, 8.680, 47227)
upgrade(6.924, 2.350, 8.680, 47077)
upgrade(6.924, 2.350, 8.680, 46727)
upgrade(6.924, 2.350, 8.680, 45227)
upgrade(6.924, 2.350, 8.680, 42227)
place(10.323, 1.000, 8.263, "Cowboy", 39877)
upgrade(10.323, 2.350, 8.263, 39577)
upgrade(10.323, 2.350, 8.263, 39427)
upgrade(10.323, 2.350, 8.263, 38877)
upgrade(10.323, 2.350, 8.263, 37377)
upgrade(10.323, 2.350, 8.263, 34377)
upgrade(10.323, 2.350, 8.263, 29130)
place(7.949, 1.000, 5.544, "Cowboy", 29127)
upgrade(7.949, 2.350, 5.544, 29227)
upgrade(7.949, 2.350, 5.544, 29077)
upgrade(7.949, 2.350, 5.544, 28776)
upgrade(7.949, 2.350, 5.544, 27477)
upgrade(7.949, 2.350, 5.544, 24477)
place(3.478, 1.000, -3.071, "Cowboy", 42319)
upgrade(3.478, 2.350, -3.071, 42614)
upgrade(3.478, 2.350, -3.071, 42469)
upgrade(3.478, 2.350, -3.071, 41963)
upgrade(3.478, 2.350, -3.071, 40472)
upgrade(3.478, 2.350, -3.071, 37419)
upgrade(3.478, 2.350, -3.071, 32262)
place(3.380, 1.000, -6.092, "Cowboy", 32369)
upgrade(3.380, 2.350, -6.092, 34538)
upgrade(3.380, 2.350, -6.092, 34419)
upgrade(3.380, 2.350, -6.092, 33869)
upgrade(3.380, 2.350, -6.092, 32457)
upgrade(3.380, 2.350, -6.092, 24156)
place(8.529, 1.000, -3.816, "Cowboy", 25284)
upgrade(8.529, 2.350, -3.816, 27541)
upgrade(8.529, 2.350, -3.816, 27769)
upgrade(8.529, 2.350, -3.816, 27259)
upgrade(8.529, 2.350, -3.816, 25719)
upgrade(8.529, 2.350, -3.816, 22731)
upgrade(8.529, 2.350, -3.816, 17471)
upgrade(8.529, 2.350, -3.816, 17469)
upgrade(8.529, 2.350, -3.816, 17469)
